
Result: 3.141594
n = 6
dx = 0.000000
Time: 1s 564882800ns
-------------
Result: 3.141594
n = 8
dx = 0.000000
Time: 0s 322525300ns
-------------
Result: 3.141594
n = 10
dx = 0.000000
Time: 31s 719499600ns
-------------
