
Result: 3.141592
n = 6
dx = 0.000000
Time: 0s 673777300ns
-------------
Result: 3.141594
n = 8
dx = 0.000000
Time: 0s 187286300ns
-------------
Result: 3.141594
n = 10
dx = 0.000000
Time: 9s 807076600ns
-------------
